15 0.56375 0.4325 0.1425 0.835 0.262157
15 0.6275 0.435625 0.1825 0.84375 0.310503
15 0.416875 0.435625 0.18875 0.80875 0.477219
6 0.385 0.439375 0.235 0.83375 0.521211
15 0.730625 0.439375 0.34375 0.83875 0.648934
15 0.2625 0.43375 0.365 0.84 0.671799
15 0.56375 0.4325 0.1425 0.835 0.262157
15 0.6275 0.435625 0.1825 0.84375 0.310503
15 0.416875 0.435625 0.18875 0.80875 0.477219
6 0.385 0.439375 0.235 0.83375 0.521211
15 0.730625 0.439375 0.34375 0.83875 0.648934
15 0.2625 0.43375 0.365 0.84 0.671799
