15 0.270105 0.492083 0.417832 0.984167 0.310557
15 0.479021 0.490417 0.475524 0.969167 0.513204
15 0.733829 0.493333 0.432692 0.966667 0.55479
15 0.270105 0.492083 0.417832 0.984167 0.310557
15 0.479021 0.490417 0.475524 0.969167 0.513204
15 0.733829 0.493333 0.432692 0.966667 0.55479
15 0.270105 0.492083 0.417832 0.984167 0.310557
15 0.479021 0.490417 0.475524 0.969167 0.513204
15 0.733829 0.493333 0.432692 0.966667 0.55479
15 0.270105 0.492083 0.417832 0.984167 0.310557
15 0.479021 0.490417 0.475524 0.969167 0.513204
15 0.733829 0.493333 0.432692 0.966667 0.55479
